Step 0, Time: 0.0909091, CPUs: 1
      0.90       0.00       0.00       0.05       0.00       0.01       0.00       0.00       0.00       0.00       0.00       0.00       0.75       0.00       0.00       0.35       0.00       0.02
Step 1, Time: 0.0926282, CPUs: 1
      4.68       1.65       1.23       0.10       0.00       0.02       0.03       0.00       1.59       0.05       0.00       0.00       1.98       0.00       0.00       0.35       0.79       0.02
Step 2, Time: 0.0943798, CPUs: 1
      7.34       2.53       2.46       0.15       0.00       0.03       0.07       0.00       2.43       0.09       0.00       0.00       3.20       0.00       0.00       0.35       1.22       0.03
Step 3, Time: 0.0961645, CPUs: 1
      9.99       3.42       3.70       0.20       0.00       0.05       0.10       0.00       3.26       0.14       0.00       0.00       4.43       0.00       0.00       0.35       1.64       0.05
Step 4, Time: 0.097983, CPUs: 1
     12.65       4.30       4.94       0.25       0.00       0.06       0.14       0.00       4.10       0.18       0.00       0.00       5.67       0.00       0.00       0.35       2.07       0.06
Step 5, Time: 0.0998359, CPUs: 1
     15.32       5.19       6.18       0.30       0.00       0.07       0.18       0.00       4.93       0.23       0.00       0.00       6.91       0.00       0.00       0.36       2.49       0.07
Step 6, Time: 0.101724, CPUs: 1
     17.99       6.07       7.42       0.35       0.00       0.09       0.21       0.00       5.76       0.28       0.00       0.00       8.15       0.00       0.00       0.36       2.92       0.08
